1000000007 (generator 5)
1000000009 (generator 13)
998244353  (generator 3)
1111111111111111111 (19 digit, O(1018)
9999999992999999999 (>263 but <264)
367
941
607
563
577
1487
2753
3319
20177
53239
48619
30341
32051
520291
619849
709433
565583
424667
640901
314239
1985239
2685019
4422811
3150197
2506619
4840559
3971879
1090953629
1399025741
1242489289
1080221039
1629894577
1583617121
2916017959
1042224167
2721195727
1379610079
1234567891013
1111118111111 
7777774777777 
111111151111111 
111111181111111 
333333313333333 
333333373333333 
333333383333333 
777777727777777 
777777757777777
77777777677777777 
77777777977777777 
99999999299999999 
2147483647 (231 -1 )
2305843009213693951 (261-1)
671998030559713968361666935769
282174488599599500573849980909
521419622856657689423872613771
362736035870515331128527330659
115756986668303657898962467957
FFT Primes a2s +1  format , given as s ,n, and generator 
1 3 2
2 5 2
4 17 3
5 97 5
6 193 5
8 257 3
9 7681 17
12 12289 11
13 40961 3
16 65537 3
18 786433 10
19 5767169 3
20 7340033 3
21 23068673 3
22 104857601 3
23 998244353 3
25 167772161 3
26 469762049 3
27 2013265921 31
30 3221225473 5
31 75161927681 3
33 77309411329 7
37 2061584302081 7
39 2748779069441 3
41 6597069766657 5
42 39582418599937 5
43 79164837199873 5
44 263882790666241 7
45 1231453023109121 3
46 1337006139375617 3
47 3799912185593857 5
48 4222124650659841 19
50 7881299347898369 6
52 31525197391593473 3
54 180143985094819841 6
55 180143985094819841 6
56 1945555039024054273 5
57 4179340454199820289 3
59 15564440312192434177 5
60 35740566642812256257 3
63 83010348331692982273 1

